255 255 255 255 255 255 255 255 255 255 255 255 255 255 255 255
255 112  64  64  64 207 112 255 207 207 207  64  64  64 112 255
255  64 239 191 191 191 255 207  64  64 191 191 191 239  64 255
255  64 191   0 191 191  64  16 159 159 191 191   0 191  64 255
255  64 191 191 143 191  96 239 191 191 191 143 191 191  64 255
255 207 191 191 191 239  96  96 191  48 239 191 191 191 207 255
255  64  96 191 239 191 112 255 207  64 112 112  96 191  64 255
255 207  48 143  96  48 255 112 207  64  64  64 191 143  64 255
255 255 191  96  48 191   0  48 191   0 207  64 207  64 112 255
255 112 143  48  48  48  48 239  96 191  64 207 207  64 112 255
255 207 191 191 191 239   0 143  48  96 239 239   0 143 207 255
255  64 191 191 143 191 191 191   0  48 239 239  48  48  64 255
255  64 191   0 191 191 112  64  64  64   0  48  48 143 112 255
255  64 239 191 191 191 207 159  16  16  48 239  48   0 112 255
255 112  64  64  64 207 207 207 112 112 255 255 207  64 112 255
255 255 255 255 255 255 255 255 255 255 255 255 255 255 255 255
255 255 255 255 255 255 255 255 255 255 255 255 255 255 255 255
255 112  64  64  64 207 112 255 207 207 207  64  64  64 112 255
255  64 239 191 191 191 255 207  64  64 191 191 191 239  64 255
255  64 191   0 191 191  64  16 159 159 191 191   0 191  64 255
255  64 191 191 143 191  96 239 191 191 191 143 191 191  64 255
255 207 191 191 191 239  96  96 191  48 239 191 191 191 207 255
255  64  96 191 239 191 112 255 207  64 112 112  96 191  64 255
255 207  48 143  96  48 255 112 207  64  64  64 191 143  64 255
255 255 191  96  48 191   0  48 191   0 207  64 207  64 112 255
255 112 143  48  48  48  48 239  96 191  64 207 207  64 112 255
255 207 191 191 191 239   0 143  48  96 239 239   0 143 207 255
255  64 191 191 143 191 191 191   0  48 239 239  48  48  64 255
255  64 191   0 191 191 112  64  64  64   0  48  48 143 112 255
255  64 239 191 191 191 207 159  16  16  48 239  48   0 112 255
255 112  64  64  64 207 207 207 112 112 255 255 207  64 112 255
255 255 255 255 255 255 255 255 255 255 255 255 255 255 255 255
255 255 255 255 255 255 255 255 255 255 255 255 255 255 255 255
255 112  64  64  64 207 112 255 207 207 207  64  64  64 112 255
255  64 239 191 191 191 255 207  64  64 191 191 191 239  64 255
255  64 191   0 191 191  64  16 159 159 191 191   0 191  64 255
255  64 191 191 143 191  96 239 191 191 191 143 191 191  64 255
255 207 191 191 191 239  96  96 191  48 239 191 191 191 207 255
255  64  96 191 239 191 112 255 207  64 112 112  96 191  64 255
255 207  48 143  96  48 255 112 207  64  64  64 191 143  64 255
255 255 191  96  48 191   0  48 191   0 207  64 207  64 112 255
255 112 143  48  48  48  48 239  96 191  64 207 207  64 112 255
255 207 191 191 191 239   0 143  48  96 239 239   0 143 207 255
255  64 191 191 143 191 191 191   0  48 239 239  48  48  64 255
255  64 191   0 191 191 112  64  64  64   0  48  48 143 112 255
255  64 239 191 191 191 207 159  16  16  48 239  48   0 112 255
255 112  64  64  64 207 207 207 112 112 255 255 207  64 112 255
255 255 255 255 255 255 255 255 255 255 255 255 255 255 255 255

255 255 255 255 255 255 255 255 255 255 255 255 255 255 255 255
255 112  64  64  64 207  64  64 112 112 207  64 112 112 112 255
255  64 239 191 191 191 191 143  64  64 143  48 143   0  64 255
255  64 191   0 191 191  96 191 207 207   0  48  48  48 207 255
255  64 191 191 143 191 112  64  64 207 239 239  48 239 255 255
255 207 191 191 191 239 112  64 207  64 239 239   0  48 255 255
255 207  64 159 191  48  64  64   0 191  96  48  64  16 112 255
255 207  64 159 191 191 207 207 191  96  48   0  64  16 112 255
255 255 207  16 239  96 255 112  48 239 143 191  64 159 207 255
255 112 255  64  96  96 112 255   0  48   0 191 112 207 207 255
255 207 191 191 191 239 191  48 191  48 239 191 191 191 207 255
255  64 191 191 143 191 239  96  48  48 191 143 191 191  64 255
255  64 191   0 191 191 191 143  96  48 191 191   0 191  64 255
255  64 239 191 191 191  96  48 191 143 191 191 191 239  64 255
255 112  64  64  64 207  64 207 255 112 207  64  64  64 112 255
255 255 255 255 255 255 255 255 255 255 255 255 255 255 255 255
255 255 255 255 255 255 255 255 255 255 255 255 255 255 255 255
255 112  64  64  64 207  64  64 112 112 207  64 112 112 112 255
255  64 239 191 191 191 191 143  64  64 143  48 143   0  64 255
255  64 191   0 191 191  96 191 207 207   0  48  48  48 207 255
255  64 191 191 143 191 112  64  64 207 239 239  48 239 255 255
255 207 191 191 191 239 112  64 207  64 239 239   0  48 255 255
255 207  64 159 191  48  64  64   0 191  96  48  64  16 112 255
255 207  64 159 191 191 207 207 191  96  48   0  64  16 112 255
255 255 207  16 239  96 255 112  48 239 143 191  64 159 207 255
255 112 255  64  96  96 112 255   0  48   0 191 112 207 207 255
255 207 191 191 191 239 191  48 191  48 239 191 191 191 207 255
255  64 191 191 143 191 239  96  48  48 191 143 191 191  64 255
255  64 191   0 191 191 191 143  96  48 191 191   0 191  64 255
255  64 239 191 191 191  96  48 191 143 191 191 191 239  64 255
255 112  64  64  64 207  64 207 255 112 207  64  64  64 112 255
255 255 255 255 255 255 255 255 255 255 255 255 255 255 255 255
255 255 255 255 255 255 255 255 255 255 255 255 255 255 255 255
255 112  64  64  64 207  64  64 112 112 207  64 112 112 112 255
255  64 239 191 191 191 191 143  64  64 143  48 143   0  64 255
255  64 191   0 191 191  96 191 207 207   0  48  48  48 207 255
255  64 191 191 143 191 112  64  64 207 239 239  48 239 255 255
255 207 191 191 191 239 112  64 207  64 239 239   0  48 255 255
255 207  64 159 191  48  64  64   0 191  96  48  64  16 112 255
255 207  64 159 191 191 207 207 191  96  48   0  64  16 112 255
255 255 207  16 239  96 255 112  48 239 143 191  64 159 207 255
255 112 255  64  96  96 112 255   0  48   0 191 112 207 207 255
255 207 191 191 191 239 191  48 191  48 239 191 191 191 207 255
255  64 191 191 143 191 239  96  48  48 191 143 191 191  64 255
255  64 191   0 191 191 191 143  96  48 191 191   0 191  64 255
255  64 239 191 191 191  96  48 191 143 191 191 191 239  64 255
255 112  64  64  64 207  64 207 255 112 207  64  64  64 112 255
255 255 255 255 255 255 255 255 255 255 255 255 255 255 255 255

255 254 254 254 255 255 254 254 254 254 254 254 254 254 254 255
254 162 114 222 253 249 154 173 225 197 158 121 116 115 163 254
254 140  24 100 212 141  56  95 180 162  97 195 153 207 115 254
254 130 124  97  86  46  44 123 139 102 157 191   4 153 116 254
254 110  88  99 221 128  34   9 135 189 203 167 191 194 121 254
254 217 107  65 128  72 131  76 101  35 134 106 146 207 225 254
254 152  92 184 153 108 179  87 149  56  75  37  91 158 170 254
254 127  74 111  57 143  45 195 102  48 172  43  88 164 248 255
254 108 101 107  59 164 107 187 119 151  54  77 164  96 216 254
254 113 179 100 119  90  86 207 242 121 103 221 197  92 109 254
254 165 163  98 198  93 103 188 181 155 156 187 157  97 158 254
254 121 194 191 167 100 151 136 154 110 182 167 191 194 121 254
254 116 154   4 191  97 110 156  88  46  98 191   4 153 116 254
254 115 207 153 194 163  78 104 184 215 163 195 153 207 115 254
254 163 115 116 121 165 193 220 251 149 165 121 116 115 163 254
255 254 254 254 254 254 254 254 255 254 254 254 254 254 254 255
255 254 254 254 255 255 254 254 254 254 254 254 254 254 254 255
254 162 114 222 253 249 154 173 225 197 158 121 116 115 163 254
254 140  24 100 212 141  56  95 180 162  97 195 153 207 115 254
254 130 124  97  86  46  44 123 139 102 157 191   4 153 116 254
254 110  88  99 221 128  34   9 135 189 203 167 191 194 121 254
254 217 107  65 128  72 131  76 101  35 134 106 146 207 225 254
254 152  92 184 153 108 179  87 149  56  75  37  91 158 170 254
254 127  74 111  57 143  45 195 102  48 172  43  88 164 248 255
254 108 101 107  59 164 107 187 119 151  54  77 164  96 216 254
254 113 179 100 119  90  86 207 242 121 103 221 197  92 109 254
254 165 163  98 198  93 103 188 181 155 156 187 157  97 158 254
254 121 194 191 167 100 151 136 154 110 182 167 191 194 121 254
254 116 154   4 191  97 110 156  88  46  98 191   4 153 116 254
254 115 207 153 194 163  78 104 184 215 163 195 153 207 115 254
254 163 115 116 121 165 193 220 251 149 165 121 116 115 163 254
255 254 254 254 254 254 254 254 255 254 254 254 254 254 254 255
255 254 254 254 255 255 254 254 254 254 254 254 254 254 254 255
254 162 114 222 253 249 154 173 225 197 158 121 116 115 163 254
254 140  24 100 212 141  56  95 180 162  97 195 153 207 115 254
254 130 124  97  86  46  44 123 139 102 157 191   4 153 116 254
254 110  88  99 221 128  34   9 135 189 203 167 191 194 121 254
254 217 107  65 128  72 131  76 101  35 134 106 146 207 225 254
254 152  92 184 153 108 179  87 149  56  75  37  91 158 170 254
254 127  74 111  57 143  45 195 102  48 172  43  88 164 248 255
254 108 101 107  59 164 107 187 119 151  54  77 164  96 216 254
254 113 179 100 119  90  86 207 242 121 103 221 197  92 109 254
254 165 163  98 198  93 103 188 181 155 156 187 157  97 158 254
254 121 194 191 167 100 151 136 154 110 182 167 191 194 121 254
254 116 154   4 191  97 110 156  88  46  98 191   4 153 116 254
254 115 207 153 194 163  78 104 184 215 163 195 153 207 115 254
254 163 115 116 121 165 193 220 251 149 165 121 116 115 163 254
255 254 254 254 254 254 254 254 255 254 254 254 254 254 254 255

255 255 254 254 254 255 255 255 255 254 255 254 254 254 255 255
255 164 116 116 122 226 170 248 217 110 159 122 116 116 164 255
254 116 208 153 195 208 158 164  97  92  97 195 153 208 116 254
254 116 153   5 191 147  91  89 164 198 157 191   5 153 116 254
254 122 195 192 168 107  37  43  78 221 188 168 192 195 122 254
255 159  97 157 203 135  76 172  55 104 157 183  98 163 165 255
255 198 162 102 189  36  57  48 152 122 156 110  47 216 150 254
255 225 181 140 135 101 149 103 119 242 182 155  88 185 251 255
255 173  96 123  10  76  88 195 187 208 189 136 156 104 220 255
255 154  56  45  35 132 180  46 107  86 104 151 110  78 193 255
255 249 141  47 128  73 108 143 165  91  94 100  97 163 165 255
255 254 213  87 222 128 153  58  60 120 198 168 191 195 122 254
255 222 100  97 100  65 185 112 108 101  98 191   5 153 116 254
254 115  24 124  89 107  93  75 102 180 163 195 154 208 116 254
255 162 140 131 111 218 152 127 108 113 165 122 116 116 164 255
255 255 254 254 254 255 255 254 254 254 255 254 254 254 255 255
255 255 254 254 254 255 255 255 255 254 255 254 254 254 255 255
255 164 116 116 122 226 170 248 217 110 159 122 116 116 164 255
254 116 208 153 195 208 158 164  97  92  97 195 153 208 116 254
254 116 153   5 191 147  91  89 164 198 157 191   5 153 116 254
254 122 195 192 168 107  37  43  78 221 188 168 192 195 122 254
255 159  97 157 203 135  76 172  55 104 157 183  98 163 165 255
255 198 162 102 189  36  57  48 152 122 156 110  47 216 150 254
255 225 181 140 135 101 149 103 119 242 182 155  88 185 251 255
255 173  96 123  10  76  88 195 187 208 189 136 156 104 220 255
255 154  56  45  35 132 180  46 107  86 104 151 110  78 193 255
255 249 141  47 128  73 108 143 165  91  94 100  97 163 165 255
255 254 213  87 222 128 153  58  60 120 198 168 191 195 122 254
255 222 100  97 100  65 185 112 108 101  98 191   5 153 116 254
254 115  24 124  89 107  93  75 102 180 163 195 154 208 116 254
255 162 140 131 111 218 152 127 108 113 165 122 116 116 164 255
255 255 254 254 254 255 255 254 254 254 255 254 254 254 255 255
255 255 254 254 254 255 255 255 255 254 255 254 254 254 255 255
255 164 116 116 122 226 170 248 217 110 159 122 116 116 164 255
254 116 208 153 195 208 158 164  97  92  97 195 153 208 116 254
254 116 153   5 191 147  91  89 164 198 157 191   5 153 116 254
254 122 195 192 168 107  37  43  78 221 188 168 192 195 122 254
255 159  97 157 203 135  76 172  55 104 157 183  98 163 165 255
255 198 162 102 189  36  57  48 152 122 156 110  47 216 150 254
255 225 181 140 135 101 149 103 119 242 182 155  88 185 251 255
255 173  96 123  10  76  88 195 187 208 189 136 156 104 220 255
255 154  56  45  35 132 180  46 107  86 104 151 110  78 193 255
255 249 141  47 128  73 108 143 165  91  94 100  97 163 165 255
255 254 213  87 222 128 153  58  60 120 198 168 191 195 122 254
255 222 100  97 100  65 185 112 108 101  98 191   5 153 116 254
254 115  24 124  89 107  93  75 102 180 163 195 154 208 116 254
255 162 140 131 111 218 152 127 108 113 165 122 116 116 164 255
255 255 254 254 254 255 255 254 254 254 255 254 254 254 255 255
